data_split:
  test_size: 0.20

model_building:
  iterations: 1500
  learning_rate: 0.1642852035875127
  depth: 4
  l2_leaf_reg: 4
  rsm: 0.8263126640848959
  random_strength: 0.658651292068157
  bagging_temperature: 0.12208059366638693
  border_count: 64
  loss_function: 'RMSE'   